0.497317
0.594847
0.866662
-0.0821858
-0.738767
-0.796228
1.8791
2.15137
0.52716
1.69338
0.69031
-0.208529
1.65658
0.484278
1.52458
1.48285
0.946517
1.73722
1.25828
0.76968
0.349296
0.637207
1.03773
1.1732
1.20512
-0.303617
-1.5128
1.06006
-0.852218
1.64938
-0.216752
2.02987
1.53596
-1.30268
1.27523
-1.79629
-1.08682
1.99127
0.216536
0.32941
1.12816
1.14231
2.14528
1.55461
0.376354
1.51428
0.580216
2.36933
-0.0343445
0.9854
0.666427
0.66642
0.950182
-1.26679
1.80432
-0.64183
0.416139
0.912231
-0.0282266
-0.478837
1.17211
3.00536
-0.459222
-1.13248
0.529965
0.858655
2.2812
2.81185
2.49382
2.0669
1.55037
1.90938
-0.474872
3.02673
0.437063
1.88487
0.799704
1.10042
0.902186
1.36616
4.49921
-2.05261
0.784358
0.268531
1.28278
2.37397
0.806468
2.19135
0.879885
0.432885
1.74908
0.172096
1.38078
1.92631
-0.22509